image: home_v1.pgm
resolution: 0.050000
origin: [-2.933209, -3.855185, 0.000000]
negate: 0
occupied_thresh: 0.65
free_thresh: 0.196

