image: MapaHunter.pgm
resolution: 0.050000
origin: [-4.890950, -5.095865, 0.000000]
negate: 0
occupied_thresh: 0.65
free_thresh: 0.196

